--- AX=YB 标定结果 (使用 cv2.calibrateRobotWorldHandEye) ---

X (Base -> Laser):
  矩阵:
[[  -0.248874    0.968536    0.000241 3630.895614]
 [  -0.968471   -0.248860    0.011499 3281.933196]
 [   0.011197    0.002628    0.999934    7.365149]
 [   0.000000    0.000000    0.000000    1.000000]]
  平移 (x, y, z): 3630.895614, 3281.933196, 7.365149
  旋转 (四元数 x, y, z, w): 0.003619, 0.004469, 0.790201, -0.612821

Y (Flange -> Tool):
  矩阵:
[[  -0.005781    0.999975    0.003980   -0.717664]
 [   0.005942   -0.003946    0.999975 -241.042135]
 [   0.999966    0.005805   -0.005919    2.396495]
 [   0.000000    0.000000    0.000000    1.000000]]
  平移 (x, y, z): -0.717664, -241.042135, 2.396495
  旋转 (四元数 x, y, z, w): 0.501020, 0.501935, 0.500951, -0.496073

Y^-1 (Tool -> Flange):
  矩阵:
[[ -0.005781   0.005942   0.999966  -0.968200]
 [  0.999975  -0.003946   0.005805  -0.247374]
 [  0.003980   0.999975  -0.005919 241.053045]
 [  0.000000   0.000000   0.000000   1.000000]]
  平移 (x, y, z): -0.968200, -0.247374, 241.053045
  旋转 (四元数 x, y, z, w): 0.501020, 0.501935, 0.500951, 0.496073
