--- AX=YB 标定结果 (TSAI 权重=0.5000, PARK 权重=0.5000) ---

TSAI 方法结果:
X (Flange -> Tool):
  矩阵:
[[  -0.248874    0.968536    0.000241 3630.895614]
 [  -0.968471   -0.248860    0.011499 3281.933196]
 [   0.011197    0.002628    0.999934    7.365149]
 [   0.000000    0.000000    0.000000    1.000000]]
  平移 (x, y, z): 3630.895614, 3281.933196, 7.365149
  旋转 (四元数 x, y, z, w): 0.003619, 0.004469, 0.790201, -0.612821

Y (Base -> Laser):
  矩阵:
[[  -0.005781    0.999975    0.003980   -0.717664]
 [   0.005942   -0.003946    0.999975 -241.042135]
 [   0.999966    0.005805   -0.005919    2.396495]
 [   0.000000    0.000000    0.000000    1.000000]]
  平移 (x, y, z): -0.717664, -241.042135, 2.396495
  旋转 (四元数 x, y, z, w): 0.501020, 0.501935, 0.500951, -0.496073

Y_inv (Laser -> Base):
  矩阵:
[[ -0.005781   0.005942   0.999966  -0.968200]
 [  0.999975  -0.003946   0.005805  -0.247374]
 [  0.003980   0.999975  -0.005919 241.053045]
 [  0.000000   0.000000   0.000000   1.000000]]
  平移 (x, y, z): -0.968200, -0.247374, 241.053045
  旋转 (四元数 x, y, z, w): 0.501020, 0.501935, 0.500951, 0.496073


PARK 方法结果:
X (Flange -> Tool):
  矩阵:
[[  -0.239825    0.970742    0.012016 3606.992044]
 [  -0.970811   -0.239846    0.000341 3288.080863]
 [   0.003213   -0.011584    0.999928   17.265990]
 [   0.000000    0.000000    0.000000    1.000000]]
  平移 (x, y, z): 3606.992044, 3288.080863, 17.265990
  旋转 (四元数 x, y, z, w): 0.004836, -0.003570, 0.787337, -0.616493

Y (Base -> Laser):
  矩阵:
[[  -0.019105    0.999813    0.003156   -1.438855]
 [  -0.005504   -0.003261    0.999980 -238.492976]
 [   0.999802    0.019087    0.005566   -0.376034]
 [   0.000000    0.000000    0.000000    1.000000]]
  平移 (x, y, z): -1.438855, -238.492976, -0.376034
  旋转 (四元数 x, y, z, w): 0.494619, 0.502563, 0.506935, -0.495782

Y_inv (Laser -> Base):
  矩阵:
[[ -0.019105  -0.005504   0.999802  -0.964253]
 [  0.999813  -0.003261   0.019087   0.667955]
 [  0.003156   0.999980   0.005566 238.494728]
 [  0.000000   0.000000   0.000000   1.000000]]
  平移 (x, y, z): -0.964253, 0.667955, 238.494728
  旋转 (四元数 x, y, z, w): 0.494619, 0.502563, 0.506935, 0.495782


融合后的最终结果:
X (Flange -> Tool):
  矩阵:
[[  -0.244340    0.969670    0.006116 3618.943829]
 [  -0.969663   -0.244376    0.005906 3285.007029]
 [   0.007221   -0.004487    0.999964   12.315570]
 [   0.000000    0.000000    0.000000    1.000000]]
  平移 (x, y, z): 3618.943829, 3285.007029, 12.315570
  旋转 (四元数 x, y, z, w): 0.004227, 0.000450, 0.788778, -0.614664

Y (Base -> Laser):
  矩阵:
[[  -0.012444    0.999916    0.003587   -1.078260]
 [   0.000220   -0.003585    0.999994 -239.767556]
 [   0.999923    0.012445   -0.000176    1.010230]
 [   0.000000    0.000000    0.000000    1.000000]]
  平移 (x, y, z): -1.078260, -239.767556, 1.010230
  旋转 (四元数 x, y, z, w): 0.497824, 0.502254, 0.503948, -0.495932

Y_inv (Laser -> Base):
  矩阵:
[[ -0.012444   0.000220   0.999923  -0.970772]
 [  0.999916  -0.003585   0.012445   0.206131]
 [  0.003587   0.999994  -0.000176 239.770054]
 [  0.000000   0.000000   0.000000   1.000000]]
  平移 (x, y, z): -0.970772, 0.206131, 239.770054
  旋转 (四元数 x, y, z, w): 0.497824, 0.502254, 0.503948, 0.495932

