--- AX=YB 标定结果 _optimized ---

X (Base -> Laser):
  矩阵:
[[  -0.000251,    0.930359,    0.366649,   47.807209],
 [  -0.266846,   -0.353416,    0.896599, -152.770104],
 [   0.963739,   -0.097614,    0.248352,   37.568396],
 [   0.000000,    0.000000,    0.000000,    1.000000]]
  平移 (x, y, z): 47.807209, -152.770104, 37.568396
  旋转 (四元数 x, y, z, w): 0.525551, 0.315628, 0.632854, -0.472939

Y (Flange -> Tool):
  矩阵:
[[  -0.833214,   -0.166656,    0.527238, 3613.354841],
 [  -0.266386,   -0.714578,   -0.646851, 3040.945270],
 [   0.484555,   -0.679414,    0.551002,   88.597640],
 [   0.000000,    0.000000,    0.000000,    1.000000]]
  平移 (x, y, z): 3613.354841, 3040.945270, 88.597640
  旋转 (四元数 x, y, z, w): 0.287386, -0.376707, 0.880170, -0.028327

Y^-1 (Tool -> Flange):
  矩阵:
[[  -0.833214,   -0.266386,    0.484555, 3777.831396],
 [  -0.166656,   -0.714578,   -0.679414, 2835.374511],
 [   0.527238,   -0.646851,    0.551002,   13.122810],
 [   0.000000,    0.000000,    0.000000,    1.000000]]
  平移 (x, y, z): 3777.831396, 2835.374511, 13.122810
  旋转 (四元数 x, y, z, w): 0.287386, -0.376707, 0.880170, 0.028327
