--- AX=YB 标定结果 (TSAI 权重=-0.1963, PARK 权重=1.1991) ---

TSAI 方法结果:
X (Base -> Laser):
  矩阵:
[[  -0.248874    0.968536    0.000241 3630.895614]
 [  -0.968471   -0.248860    0.011499 3281.933196]
 [   0.011197    0.002628    0.999934    7.365149]
 [   0.000000    0.000000    0.000000    1.000000]]
  平移 (x, y, z): 3630.895614, 3281.933196, 7.365149
  旋转 (四元数 x, y, z, w): 0.003619, 0.004469, 0.790201, -0.612821

Y (Flange -> Tool):
  矩阵:
[[  -0.005781    0.999975    0.003980   -0.717664]
 [   0.005942   -0.003946    0.999975 -241.042135]
 [   0.999966    0.005805   -0.005919    2.396495]
 [   0.000000    0.000000    0.000000    1.000000]]
  平移 (x, y, z): -0.717664, -241.042135, 2.396495
  旋转 (四元数 x, y, z, w): 0.501020, 0.501935, 0.500951, -0.496073

Y_inv (Tool -> Flange):
  矩阵:
[[ -0.005781   0.005942   0.999966  -0.968200]
 [  0.999975  -0.003946   0.005805  -0.247374]
 [  0.003980   0.999975  -0.005919 241.053045]
 [  0.000000   0.000000   0.000000   1.000000]]
  平移 (x, y, z): -0.968200, -0.247374, 241.053045
  旋转 (四元数 x, y, z, w): 0.501020, 0.501935, 0.500951, 0.496073


PARK 方法结果:
X (Base -> Laser):
  矩阵:
[[  -0.239825    0.970742    0.012016 3606.992044]
 [  -0.970811   -0.239846    0.000341 3288.080863]
 [   0.003213   -0.011584    0.999928   17.265990]
 [   0.000000    0.000000    0.000000    1.000000]]
  平移 (x, y, z): 3606.992044, 3288.080863, 17.265990
  旋转 (四元数 x, y, z, w): 0.004836, -0.003570, 0.787337, -0.616493

Y (Flange -> Tool):
  矩阵:
[[  -0.019105    0.999813    0.003156   -1.438855]
 [  -0.005504   -0.003261    0.999980 -238.492976]
 [   0.999802    0.019087    0.005566   -0.376034]
 [   0.000000    0.000000    0.000000    1.000000]]
  平移 (x, y, z): -1.438855, -238.492976, -0.376034
  旋转 (四元数 x, y, z, w): 0.494619, 0.502563, 0.506935, -0.495782

Y_inv (Tool -> Flange):
  矩阵:
[[ -0.019105  -0.005504   0.999802  -0.964253]
 [  0.999813  -0.003261   0.019087   0.667955]
 [  0.003156   0.999980   0.005566 238.494728]
 [  0.000000   0.000000   0.000000   1.000000]]
  平移 (x, y, z): -0.964253, 0.667955, 238.494728
  旋转 (四元数 x, y, z, w): 0.494619, 0.502563, 0.506935, 0.495782


融合后的最终结果:
X (Base -> Laser):
  矩阵:
[[  -0.238032    0.971151    0.014373 3612.638813]
 [  -0.971256   -0.238030   -0.001868 3298.711667]
 [   0.001607   -0.014405    0.999895   19.258694]
 [   0.000000    0.000000    0.000000    1.000000]]
  平移 (x, y, z): 3612.638813, 3298.711667, 19.258694
  旋转 (四元数 x, y, z, w): 0.005078, -0.005171, 0.786759, -0.617218

Y (Flange -> Tool):
  矩阵:
[[  -0.021756    0.999759    0.002973   -1.584526]
 [  -0.007785   -0.003143    0.999965 -238.676221]
 [   0.999733    0.021733    0.007851   -0.921270]
 [   0.000000    0.000000    0.000000    1.000000]]
  平移 (x, y, z): -1.584526, -238.676221, -0.921270
  旋转 (四元数 x, y, z, w): 0.493340, 0.502683, 0.508122, -0.495720

Y_inv (Tool -> Flange):
  矩阵:
[[ -0.021756  -0.007785   0.999733  -0.971448]
 [  0.999759  -0.003143   0.021733   0.853957]
 [  0.002973   0.999965   0.007851 238.679754]
 [  0.000000   0.000000   0.000000   1.000000]]
  平移 (x, y, z): -0.971448, 0.853957, 238.679754
  旋转 (四元数 x, y, z, w): 0.493340, 0.502683, 0.508122, 0.495720

